t_s,mode,lat,lon,speed_mps,heading_deg,test_window,dr_lat,dr_lon,dr_speed_mps,dr_heading_deg,gnss_lat,gnss_lon,gnss_speed_mps,gnss_age_s,dr_error_m
0.89,gnss,11.0554692,76.9271588,0.00,0.0,,,,,,11.0554692,76.9271588,0.00,0.07,
0.99,gnss,11.0554692,76.9271588,0.00,0.1,,,,,,11.0554692,76.9271588,0.00,0.17,
1.09,gnss,11.0554692,76.9271588,0.00,0.9,,,,,,11.0554692,76.9271588,0.00,0.27,
1.21,gnss,11.0554692,76.9271588,0.00,358.9,,,,,,11.0554692,76.9271588,0.00,0.39,
1.29,gnss,11.0554692,76.9271588,0.00,356.6,,,,,,11.0554692,76.9271588,0.00,0.47,
1.39,gnss,11.0554692,76.9271588,0.00,355.6,,,,,,11.0554692,76.9271588,0.00,0.57,
1.49,gnss,11.0554692,76.9271588,0.00,355.5,,,,,,11.0554692,76.9271588,0.00,0.67,
1.59,gnss,11.0554692,76.9271588,0.00,355.3,,,,,,11.0554692,76.9271588,0.00,0.77,
1.69,gnss,11.0554692,76.9271588,0.00,355.3,,,,,,11.0554692,76.9271588,0.00,0.87,
1.79,gnss,11.0554692,76.9271588,0.00,355.3,,,,,,11.0554692,76.9271588,0.00,0.97,
1.89,gnss,11.0553814,76.9271705,0.26,355.4,,,,,,11.0552685,76.9271855,0.29,0.07,
1.99,gnss,11.0553816,76.9271705,0.26,355.3,,,,,,11.0552685,76.9271855,0.29,0.17,
2.09,gnss,11.0553818,76.9271705,0.26,355.3,,,,,,11.0552685,76.9271855,0.29,0.27,
2.20,gnss,11.0553821,76.9271705,0.26,355.4,,,,,,11.0552685,76.9271855,0.29,0.38,
2.29,gnss,11.0553823,76.9271705,0.26,355.6,,,,,,11.0552685,76.9271855,0.29,0.47,
2.39,gnss,11.0553825,76.9271704,0.26,355.5,,,,,,11.0552685,76.9271855,0.29,0.57,
2.49,gnss,11.0553828,76.9271704,0.26,355.6,,,,,,11.0552685,76.9271855,0.29,0.67,
2.59,gnss,11.0553830,76.9271704,0.26,355.6,,,,,,11.0552685,76.9271855,0.29,0.77,
2.69,gnss,11.0553832,76.9271704,0.26,355.9,,,,,,11.0552685,76.9271855,0.29,0.87,
2.79,gnss,11.0553835,76.9271704,0.26,356.3,,,,,,11.0552685,76.9271855,0.29,0.97,
2.89,gnss,11.0553338,76.9271655,0.01,350.2,,,,,,11.0552973,76.9271619,0.00,0.07,
2.99,gnss,11.0553338,76.9271655,0.01,350.4,,,,,,11.0552973,76.9271619,0.00,0.17,
3.09,gnss,11.0553338,76.9271655,0.01,350.6,,,,,,11.0552973,76.9271619,0.00,0.27,
3.20,gnss,11.0553338,76.9271655,0.01,350.6,,,,,,11.0552973,76.9271619,0.00,0.38,
3.29,gnss,11.0553339,76.9271655,0.01,350.4,,,,,,11.0552973,76.9271619,0.00,0.47,
3.39,gnss,11.0553339,76.9271655,0.01,350.3,,,,,,11.0552973,76.9271619,0.00,0.57,
3.49,gnss,11.0553339,76.9271655,0.01,350.3,,,,,,11.0552973,76.9271619,0.00,0.67,
3.59,gnss,11.0553339,76.9271655,0.01,350.3,,,,,,11.0552973,76.9271619,0.00,0.77,
3.69,gnss,11.0553339,76.9271655,0.01,350.2,,,,,,11.0552973,76.9271619,0.00,0.87,
3.79,gnss,11.0553339,76.9271655,0.01,349.9,,,,,,11.0552973,76.9271619,0.00,0.97,
3.89,gnss,11.0553269,76.9271570,-0.00,343.0,,,,,,11.0553169,76.9271445,0.00,0.07,
3.99,gnss,11.0553269,76.9271570,-0.00,343.9,,,,,,11.0553169,76.9271445,0.00,0.17,
4.09,gnss,11.0553269,76.9271570,-0.00,346.6,,,,,,11.0553169,76.9271445,0.00,0.27,
4.20,gnss,11.0553269,76.9271570,-0.00,348.3,,,,,,11.0553169,76.9271445,0.00,0.38,
4.29,gnss,11.0553269,76.9271570,-0.00,348.5,,,,,,11.0553169,76.9271445,0.00,0.47,
4.39,gnss,11.0553269,76.9271570,-0.00,348.1,,,,,,11.0553169,76.9271445,0.00,0.57,
4.49,gnss,11.0553269,76.9271570,-0.00,347.4,,,,,,11.0553169,76.9271445,0.00,0.67,
4.59,gnss,11.0553269,76.9271570,-0.00,346.9,,,,,,11.0553169,76.9271445,0.00,0.77,
4.69,gnss,11.0553269,76.9271570,-0.00,347.2,,,,,,11.0553169,76.9271445,0.00,0.87,
4.79,gnss,11.0553269,76.9271570,-0.00,348.3,,,,,,11.0553169,76.9271445,0.00,0.97,
4.89,gnss,11.0553248,76.9271525,-0.00,346.8,,,,,,11.0553201,76.9271425,0.00,0.07,
4.99,gnss,11.0553248,76.9271525,-0.00,346.6,,,,,,11.0553201,76.9271425,0.00,0.17,
5.09,gnss,11.0553248,76.9271525,-0.00,350.4,,,,,,11.0553201,76.9271425,0.00,0.27,
5.22,gnss,11.0553248,76.9271525,-0.00,355.0,,,,,,11.0553201,76.9271425,0.00,0.40,
5.29,gnss,11.0553248,76.9271525,-0.00,358.8,,,,,,11.0553201,76.9271425,0.00,0.47,
5.39,gnss,11.0553248,76.9271525,-0.00,4.5,,,,,,11.0553201,76.9271425,0.00,0.57,
5.49,gnss,11.0553248,76.9271525,-0.00,6.9,,,,,,11.0553201,76.9271425,0.00,0.67,
5.59,gnss,11.0553248,76.9271525,-0.00,8.1,,,,,,11.0553201,76.9271425,0.00,0.77,
5.69,gnss,11.0553248,76.9271525,-0.00,7.4,,,,,,11.0553201,76.9271425,0.00,0.87,
5.79,gnss,11.0553248,76.9271525,-0.00,6.0,,,,,,11.0553201,76.9271425,0.00,0.97,
5.89,gnss,11.0553215,76.9271512,-0.00,4.3,,,,,,11.0553122,76.9271473,0.00,0.07,
5.99,gnss,11.0553215,76.9271512,-0.00,4.8,,,,,,11.0553122,76.9271473,0.00,0.17,
6.09,gnss,11.0553215,76.9271512,-0.00,4.8,,,,,,11.0553122,76.9271473,0.00,0.27,
6.19,gnss,11.0553215,76.9271512,-0.00,4.8,,,,,,11.0553122,76.9271473,0.00,0.38,
6.29,gnss,11.0553215,76.9271512,-0.00,4.8,,,,,,11.0553122,76.9271473,0.00,0.47,
6.39,gnss,11.0553215,76.9271512,-0.00,4.8,,,,,,11.0553122,76.9271473,0.00,0.57,
6.49,gnss,11.0553215,76.9271512,-0.00,4.8,,,,,,11.0553122,76.9271473,0.00,0.67,
6.59,gnss,11.0553215,76.9271512,-0.00,4.8,,,,,,11.0553122,76.9271473,0.00,0.77,
6.69,gnss,11.0553215,76.9271512,-0.00,4.8,,,,,,11.0553122,76.9271473,0.00,0.87,
6.79,gnss,11.0553215,76.9271512,-0.00,4.8,,,,,,11.0553122,76.9271473,0.00,0.97,
6.89,gnss,11.0553199,76.9271495,-0.00,3.9,,,,,,11.0553148,76.9271437,0.00,0.07,
6.99,gnss,11.0553199,76.9271495,-0.00,3.9,,,,,,11.0553148,76.9271437,0.00,0.17,
7.09,gnss,11.0553199,76.9271495,-0.00,3.9,,,,,,11.0553148,76.9271437,0.00,0.27,
7.20,gnss,11.0553199,76.9271495,-0.00,3.9,,,,,,11.0553148,76.9271437,0.00,0.39,
7.29,gnss,11.0553199,76.9271495,-0.00,3.9,,,,,,11.0553148,76.9271437,0.00,0.47,
7.39,gnss,11.0553199,76.9271495,-0.00,3.9,,,,,,11.0553148,76.9271437,0.00,0.57,
7.49,gnss,11.0553199,76.9271495,-0.00,3.9,,,,,,11.0553148,76.9271437,0.00,0.67,
7.59,gnss,11.0553199,76.9271495,-0.00,3.9,,,,,,11.0553148,76.9271437,0.00,0.77,
7.69,gnss,11.0553199,76.9271495,-0.00,3.9,,,,,,11.0553148,76.9271437,0.00,0.87,
7.79,gnss,11.0553199,76.9271495,-0.00,3.9,,,,,,11.0553148,76.9271437,0.00,0.97,
7.89,gnss,11.0553171,76.9271493,-0.00,3.7,,,,,,11.0553071,76.9271486,0.00,0.07,
7.99,gnss,11.0553171,76.9271493,-0.00,3.7,,,,,,11.0553071,76.9271486,0.00,0.17,
8.09,gnss,11.0553171,76.9271493,-0.00,3.7,,,,,,11.0553071,76.9271486,0.00,0.27,
8.20,gnss,11.0553171,76.9271493,-0.00,3.7,,,,,,11.0553071,76.9271486,0.00,0.39,
8.29,gnss,11.0553171,76.9271493,-0.00,3.7,,,,,,11.0553071,76.9271486,0.00,0.47,
8.39,gnss,11.0553171,76.9271493,-0.00,3.7,,,,,,11.0553071,76.9271486,0.00,0.57,
8.49,gnss,11.0553171,76.9271493,-0.00,3.7,,,,,,11.0553071,76.9271486,0.00,0.67,
8.59,gnss,11.0553171,76.9271493,-0.00,3.7,,,,,,11.0553071,76.9271486,0.00,0.77,
8.69,gnss,11.0553170,76.9271493,-0.00,3.7,,,,,,11.0553071,76.9271486,0.00,0.87,
8.79,gnss,11.0553170,76.9271493,-0.00,3.7,,,,,,11.0553071,76.9271486,0.00,0.97,
8.89,gnss,11.0553146,76.9271494,-0.00,3.6,,,,,,11.0553052,76.9271496,0.00,0.07,
8.99,gnss,11.0553146,76.9271494,-0.00,3.6,,,,,,11.0553052,76.9271496,0.00,0.17,
9.09,gnss,11.0553146,76.9271494,-0.00,3.6,,,,,,11.0553052,76.9271496,0.00,0.27,
9.21,gnss,11.0553146,76.9271494,-0.00,3.6,,,,,,11.0553052,76.9271496,0.00,0.39,
9.29,gnss,11.0553146,76.9271494,-0.00,3.6,,,,,,11.0553052,76.9271496,0.00,0.47,
9.39,gnss,11.0553146,76.9271494,-0.00,3.6,,,,,,11.0553052,76.9271496,0.00,0.57,
9.49,gnss,11.0553145,76.9271494,-0.00,3.6,,,,,,11.0553052,76.9271496,0.00,0.67,
9.59,gnss,11.0553145,76.9271494,-0.00,3.6,,,,,,11.0553052,76.9271496,0.00,0.77,
9.69,gnss,11.0553145,76.9271494,-0.00,3.6,,,,,,11.0553052,76.9271496,0.00,0.87,
9.79,gnss,11.0553145,76.9271494,-0.00,3.6,,,,,,11.0553052,76.9271496,0.00,0.97,
9.89,gnss,11.0553135,76.9271483,-0.00,3.4,,,,,,11.0553095,76.9271435,0.00,0.07,
9.99,gnss,11.0553135,76.9271483,-0.00,3.4,,,,,,11.0553095,76.9271435,0.00,0.17,
10.09,gnss,11.0553135,76.9271483,-0.00,3.4,,,,,,11.0553095,76.9271435,0.00,0.27,
10.20,gnss,11.0553135,76.9271483,-0.00,3.4,,,,,,11.0553095,76.9271435,0.00,0.38,
10.29,gnss,11.0553135,76.9271483,-0.00,3.4,,,,,,11.0553095,76.9271435,0.00,0.47,
10.39,gnss,11.0553135,76.9271483,-0.00,3.4,,,,,,11.0553095,76.9271435,0.00,0.57,
10.49,gnss,11.0553135,76.9271483,-0.00,3.4,,,,,,11.0553095,76.9271435,0.00,0.67,
10.59,gnss,11.0553135,76.9271483,-0.00,3.4,,,,,,11.0553095,76.9271435,0.00,0.77,
10.69,gnss,11.0553135,76.9271483,-0.00,3.4,,,,,,11.0553095,76.9271435,0.00,0.87,
10.79,gnss,11.0553135,76.9271483,-0.00,3.4,,,,,,11.0553095,76.9271435,0.00,0.97,
10.89,gnss,11.0553138,76.9271465,0.00,3.2,,,,,,11.0553149,76.9271384,0.00,0.07,
10.99,gnss,11.0553138,76.9271465,0.00,3.2,,,,,,11.0553149,76.9271384,0.00,0.17,
11.09,gnss,11.0553138,76.9271465,0.00,3.2,,,,,,11.0553149,76.9271384,0.00,0.27,
11.21,gnss,11.0553138,76.9271465,0.00,3.2,,,,,,11.0553149,76.9271384,0.00,0.39,
11.29,gnss,11.0553138,76.9271465,0.00,3.2,,,,,,11.0553149,76.9271384,0.00,0.47,
11.39,gnss,11.0553138,76.9271465,0.00,3.2,,,,,,11.0553149,76.9271384,0.00,0.57,
11.49,gnss,11.0553138,76.9271465,0.00,3.2,,,,,,11.0553149,76.9271384,0.00,0.67,
11.59,gnss,11.0553138,76.9271465,0.00,3.2,,,,,,11.0553149,76.9271384,0.00,0.77,
11.69,gnss,11.0553138,76.9271465,0.00,3.2,,,,,,11.0553149,76.9271384,0.00,0.87,
11.79,gnss,11.0553138,76.9271465,0.00,3.2,,,,,,11.0553149,76.9271384,0.00,0.97,
11.89,gnss,11.0553149,76.9271448,0.00,3.0,,,,,,11.0553197,76.9271371,0.00,0.07,
11.99,gnss,11.0553149,76.9271448,0.00,3.0,,,,,,11.0553197,76.9271371,0.00,0.17,
12.09,gnss,11.0553150,76.9271448,0.00,3.0,,,,,,11.0553197,76.9271371,0.00,0.27,
12.21,gnss,11.0553150,76.9271448,0.00,3.0,,,,,,11.0553197,76.9271371,0.00,0.39,
12.29,gnss,11.0553150,76.9271448,0.00,3.0,,,,,,11.0553197,76.9271371,0.00,0.47,
12.39,gnss,11.0553150,76.9271448,0.00,3.0,,,,,,11.0553197,76.9271371,0.00,0.57,
12.49,gnss,11.0553150,76.9271448,0.00,3.0,,,,,,11.0553197,76.9271371,0.00,0.67,
12.59,gnss,11.0553150,76.9271448,0.00,3.0,,,,,,11.0553197,76.9271371,0.00,0.77,
12.69,gnss,11.0553150,76.9271448,0.00,3.0,,,,,,11.0553197,76.9271371,0.00,0.87,
12.79,gnss,11.0553150,76.9271448,0.00,3.0,,,,,,11.0553197,76.9271371,0.00,0.97,
12.89,gnss,11.0553159,76.9271433,0.00,2.9,,,,,,11.0553200,76.9271363,0.00,0.07,
12.99,gnss,11.0553159,76.9271433,0.00,2.9,,,,,,11.0553200,76.9271363,0.00,0.17,
13.09,gnss,11.0553159,76.9271433,0.00,2.9,,,,,,11.0553200,76.9271363,0.00,0.27,
13.19,gnss,11.0553159,76.9271433,0.00,2.9,,,,,,11.0553200,76.9271363,0.00,0.38,
13.29,gnss,11.0553159,76.9271433,0.00,2.9,,,,,,11.0553200,76.9271363,0.00,0.47,
13.39,gnss,11.0553159,76.9271433,0.00,2.9,,,,,,11.0553200,76.9271363,0.00,0.57,
13.49,gnss,11.0553159,76.9271433,0.00,2.9,,,,,,11.0553200,76.9271363,0.00,0.67,
13.59,gnss,11.0553159,76.9271433,0.00,2.9,,,,,,11.0553200,76.9271363,0.00,0.77,
13.69,gnss,11.0553159,76.9271433,0.00,2.9,,,,,,11.0553200,76.9271363,0.00,0.87,
13.79,gnss,11.0553159,76.9271433,0.00,2.9,,,,,,11.0553200,76.9271363,0.00,0.97,
13.89,gnss,11.0553166,76.9271423,0.00,2.8,,,,,,11.0553194,76.9271372,0.00,0.07,
13.99,gnss,11.0553166,76.9271423,0.00,2.8,,,,,,11.0553194,76.9271372,0.00,0.17,
14.09,gnss,11.0553166,76.9271423,0.00,2.8,,,,,,11.0553194,76.9271372,0.00,0.27,
14.20,gnss,11.0553166,76.9271423,0.00,2.8,,,,,,11.0553194,76.9271372,0.00,0.38,
14.29,gnss,11.0553166,76.9271423,0.00,2.8,,,,,,11.0553194,76.9271372,0.00,0.47,
14.39,gnss,11.0553166,76.9271423,0.00,2.8,,,,,,11.0553194,76.9271372,0.00,0.57,
14.49,gnss,11.0553166,76.9271423,0.00,2.8,,,,,,11.0553194,76.9271372,0.00,0.67,
14.59,gnss,11.0553166,76.9271423,0.00,2.8,,,,,,11.0553194,76.9271372,0.00,0.77,
14.69,gnss,11.0553166,76.9271423,0.00,2.8,,,,,,11.0553194,76.9271372,0.00,0.87,
14.79,gnss,11.0553166,76.9271423,0.00,2.8,,,,,,11.0553194,76.9271372,0.00,0.97,
14.89,gnss,11.0553175,76.9271411,0.00,2.7,,,,,,11.0553211,76.9271353,0.00,0.07,
14.99,gnss,11.0553175,76.9271411,0.00,2.7,,,,,,11.0553211,76.9271353,0.00,0.17,
15.09,gnss,11.0553175,76.9271411,0.00,2.7,,,,,,11.0553211,76.9271353,0.00,0.27,
15.19,gnss,11.0553175,76.9271411,0.00,2.7,,,,,,11.0553211,76.9271353,0.00,0.38,
15.29,gnss,11.0553175,76.9271411,0.00,2.7,,,,,,11.0553211,76.9271353,0.00,0.47,
15.39,gnss,11.0553175,76.9271411,0.00,2.7,,,,,,11.0553211,76.9271353,0.00,0.57,
15.49,gnss,11.0553175,76.9271411,0.00,2.7,,,,,,11.0553211,76.9271353,0.00,0.67,
15.59,gnss,11.0553175,76.9271411,0.00,2.7,,,,,,11.0553211,76.9271353,0.00,0.77,
15.69,gnss,11.0553175,76.9271411,0.00,2.6,,,,,,11.0553211,76.9271353,0.00,0.87,
15.79,gnss,11.0553175,76.9271411,0.00,2.6,,,,,,11.0553211,76.9271353,0.00,0.97,
15.89,gnss,11.0553181,76.9271400,0.00,2.5,,,,,,11.0553209,76.9271348,0.00,0.07,
15.99,gnss,11.0553181,76.9271400,0.00,2.5,,,,,,11.0553209,76.9271348,0.00,0.17,
16.09,gnss,11.0553181,76.9271400,0.00,2.5,,,,,,11.0553209,76.9271348,0.00,0.27,
16.19,gnss,11.0553181,76.9271400,0.00,2.5,,,,,,11.0553209,76.9271348,0.00,0.38,
16.29,gnss,11.0553181,76.9271400,0.00,2.5,,,,,,11.0553209,76.9271348,0.00,0.47,
16.39,gnss,11.0553182,76.9271400,0.00,2.5,,,,,,11.0553209,76.9271348,0.00,0.57,
16.49,gnss,11.0553182,76.9271400,0.00,2.5,,,,,,11.0553209,76.9271348,0.00,0.67,
16.59,gnss,11.0553182,76.9271400,0.00,2.5,,,,,,11.0553209,76.9271348,0.00,0.77,
16.69,gnss,11.0553182,76.9271400,0.00,2.5,,,,,,11.0553209,76.9271348,0.00,0.87,
16.79,gnss,11.0553182,76.9271400,0.00,2.5,,,,,,11.0553209,76.9271348,0.00,0.97,
16.89,gnss,11.0553189,76.9271390,0.00,2.4,,,,,,11.0553219,76.9271342,0.00,0.07,
16.99,gnss,11.0553189,76.9271390,0.00,2.4,,,,,,11.0553219,76.9271342,0.00,0.17,
17.09,gnss,11.0553189,76.9271390,0.00,2.4,,,,,,11.0553219,76.9271342,0.00,0.27,
17.19,gnss,11.0553189,76.9271390,0.00,2.4,,,,,,11.0553219,76.9271342,0.00,0.38,
17.29,gnss,11.0553189,76.9271390,0.00,2.4,,,,,,11.0553219,76.9271342,0.00,0.47,
17.39,gnss,11.0553189,76.9271390,0.00,2.4,,,,,,11.0553219,76.9271342,0.00,0.57,
17.49,gnss,11.0553189,76.9271390,0.00,2.4,,,,,,11.0553219,76.9271342,0.00,0.67,
17.59,gnss,11.0553189,76.9271390,0.00,2.4,,,,,,11.0553219,76.9271342,0.00,0.77,
17.69,gnss,11.0553189,76.9271390,0.00,2.4,,,,,,11.0553219,76.9271342,0.00,0.87,
17.79,gnss,11.0553189,76.9271390,0.00,2.4,,,,,,11.0553219,76.9271342,0.00,0.97,
17.89,gnss,11.0553194,76.9271381,0.00,2.3,,,,,,11.0553218,76.9271336,0.00,0.07,
17.99,gnss,11.0553194,76.9271381,0.00,2.3,,,,,,11.0553218,76.9271336,0.00,0.17,
18.09,gnss,11.0553194,76.9271381,0.00,2.3,,,,,,11.0553218,76.9271336,0.00,0.27,
18.19,gnss,11.0553194,76.9271381,0.00,2.3,,,,,,11.0553218,76.9271336,0.00,0.38,
18.29,gnss,11.0553194,76.9271381,0.00,2.3,,,,,,11.0553218,76.9271336,0.00,0.47,
18.39,gnss,11.0553194,76.9271381,0.00,2.3,,,,,,11.0553218,76.9271336,0.00,0.57,
18.49,gnss,11.0553194,76.9271381,0.00,2.3,,,,,,11.0553218,76.9271336,0.00,0.67,
18.59,gnss,11.0553194,76.9271381,0.00,2.3,,,,,,11.0553218,76.9271336,0.00,0.77,
18.69,gnss,11.0553194,76.9271381,0.00,2.3,,,,,,11.0553218,76.9271336,0.00,0.87,
18.79,gnss,11.0553194,76.9271381,0.00,2.3,,,,,,11.0553218,76.9271336,0.00,0.97,
18.89,gnss,11.0553199,76.9271372,0.00,2.2,,,,,,11.0553221,76.9271331,0.00,0.07,
18.99,gnss,11.0553199,76.9271372,0.00,2.2,,,,,,11.0553221,76.9271331,0.00,0.17,
19.09,gnss,11.0553199,76.9271372,0.00,2.2,,,,,,11.0553221,76.9271331,0.00,0.27,
19.20,gnss,11.0553199,76.9271372,0.00,2.2,,,,,,11.0553221,76.9271331,0.00,0.38,
19.29,gnss,11.0553199,76.9271372,0.00,2.2,,,,,,11.0553221,76.9271331,0.00,0.47,
19.39,gnss,11.0553199,76.9271372,0.00,2.2,,,,,,11.0553221,76.9271331,0.00,0.57,
19.49,gnss,11.0553199,76.9271372,0.00,2.2,,,,,,11.0553221,76.9271331,0.00,0.67,
19.59,gnss,11.0553199,76.9271372,0.00,2.2,,,,,,11.0553221,76.9271331,0.00,0.77,
19.69,gnss,11.0553199,76.9271372,0.00,2.2,,,,,,11.0553221,76.9271331,0.00,0.87,
19.79,gnss,11.0553199,76.9271372,0.00,2.2,,,,,,11.0553221,76.9271331,0.00,0.97,
19.89,gnss,11.0553204,76.9271365,0.00,2.1,,,,,,11.0553221,76.9271331,0.00,0.07,
19.99,gnss,11.0553204,76.9271365,0.00,2.1,,,,,,11.0553221,76.9271331,0.00,0.17,
20.09,gnss,11.0553204,76.9271365,0.00,2.1,,,,,,11.0553221,76.9271331,0.00,0.27,
20.20,gnss,11.0553204,76.9271365,0.00,2.1,,,,,,11.0553221,76.9271331,0.00,0.38,
20.29,gnss,11.0553204,76.9271365,0.00,2.1,,,,,,11.0553221,76.9271331,0.00,0.47,
20.39,gnss,11.0553204,76.9271365,0.00,2.1,,,,,,11.0553221,76.9271331,0.00,0.57,
20.49,gnss,11.0553204,76.9271365,0.00,2.1,,,,,,11.0553221,76.9271331,0.00,0.67,
20.59,gnss,11.0553204,76.9271365,0.00,2.1,,,,,,11.0553221,76.9271331,0.00,0.77,
20.69,gnss,11.0553204,76.9271365,0.00,2.1,,,,,,11.0553221,76.9271331,0.00,0.87,
20.79,gnss,11.0553204,76.9271365,0.00,2.1,,,,,,11.0553221,76.9271331,0.00,0.97,
20.89,gnss,11.0553207,76.9271360,0.00,2.1,,,,,,11.0553222,76.9271333,0.00,0.07,
20.99,gnss,11.0553207,76.9271360,0.00,2.1,,,,,,11.0553222,76.9271333,0.00,0.17,
21.09,gnss,11.0553207,76.9271360,0.00,2.1,,,,,,11.0553222,76.9271333,0.00,0.27,
21.19,gnss,11.0553207,76.9271360,0.00,2.1,,,,,,11.0553222,76.9271333,0.00,0.38,
21.29,gnss,11.0553207,76.9271360,0.00,2.1,,,,,,11.0553222,76.9271333,0.00,0.47,
21.39,gnss,11.0553207,76.9271360,0.00,2.1,,,,,,11.0553222,76.9271333,0.00,0.57,
21.49,gnss,11.0553207,76.9271360,0.00,2.1,,,,,,11.0553222,76.9271333,0.00,0.67,
21.59,gnss,11.0553207,76.9271360,0.00,2.1,,,,,,11.0553222,76.9271333,0.00,0.77,
21.69,gnss,11.0553207,76.9271360,0.00,2.1,,,,,,11.0553222,76.9271333,0.00,0.87,
21.79,gnss,11.0553207,76.9271360,0.00,2.1,,,,,,11.0553222,76.9271333,0.00,0.97,
21.89,gnss,11.0553211,76.9271355,0.00,2.0,,,,,,11.0553229,76.9271330,0.00,0.07,
21.99,gnss,11.0553211,76.9271355,0.00,2.0,,,,,,11.0553229,76.9271330,0.00,0.17,
22.09,gnss,11.0553211,76.9271355,0.00,2.0,,,,,,11.0553229,76.9271330,0.00,0.27,
22.19,gnss,11.0553211,76.9271355,0.00,2.0,,,,,,11.0553229,76.9271330,0.00,0.38,
22.29,gnss,11.0553211,76.9271355,0.00,2.0,,,,,,11.0553229,76.9271330,0.00,0.47,
22.39,gnss,11.0553211,76.9271355,0.00,2.0,,,,,,11.0553229,76.9271330,0.00,0.57,
22.49,gnss,11.0553211,76.9271355,0.00,2.0,,,,,,11.0553229,76.9271330,0.00,0.67,
22.59,gnss,11.0553211,76.9271355,0.00,2.0,,,,,,11.0553229,76.9271330,0.00,0.77,
22.69,gnss,11.0553211,76.9271355,0.00,2.0,,,,,,11.0553229,76.9271330,0.00,0.87,
22.79,gnss,11.0553211,76.9271355,0.00,2.0,,,,,,11.0553229,76.9271330,0.00,0.97,
22.89,gnss,11.0553214,76.9271350,0.00,2.0,,,,,,11.0553228,76.9271329,0.00,0.07,
22.99,gnss,11.0553214,76.9271350,0.00,2.0,,,,,,11.0553228,76.9271329,0.00,0.17,
23.09,gnss,11.0553214,76.9271350,0.00,2.0,,,,,,11.0553228,76.9271329,0.00,0.27,
23.19,gnss,11.0553214,76.9271350,0.00,2.0,,,,,,11.0553228,76.9271329,0.00,0.37,
23.29,gnss,11.0553214,76.9271350,0.00,2.0,,,,,,11.0553228,76.9271329,0.00,0.47,
23.39,gnss,11.0553214,76.9271350,0.00,2.0,,,,,,11.0553228,76.9271329,0.00,0.57,
23.49,gnss,11.0553214,76.9271350,0.00,2.0,,,,,,11.0553228,76.9271329,0.00,0.67,
23.59,gnss,11.0553214,76.9271350,0.00,2.0,,,,,,11.0553228,76.9271329,0.00,0.77,
23.69,gnss,11.0553214,76.9271350,0.00,3.1,,,,,,11.0553228,76.9271329,0.00,0.87,
23.79,gnss,11.0553214,76.9271350,0.00,4.8,,,,,,11.0553228,76.9271329,0.00,0.97,
23.89,gnss,11.0553223,76.9271342,0.00,16.9,,,,,,11.0553260,76.9271302,0.00,0.07,
23.99,gnss,11.0553223,76.9271342,0.00,10.8,,,,,,11.0553260,76.9271302,0.00,0.17,
24.09,gnss,11.0553223,76.9271342,0.00,347.5,,,,,,11.0553260,76.9271302,0.00,0.27,
24.19,gnss,11.0553223,76.9271342,0.00,330.9,,,,,,11.0553260,76.9271302,0.00,0.37,
24.29,gnss,11.0553223,76.9271342,0.00,311.2,,,,,,11.0553260,76.9271302,0.00,0.47,
24.39,gnss,11.0553223,76.9271342,0.00,291.6,,,,,,11.0553260,76.9271302,0.00,0.57,
24.49,gnss,11.0553223,76.9271342,0.00,270.7,,,,,,11.0553260,76.9271302,0.00,0.67,
24.59,gnss,11.0553223,76.9271342,0.00,255.3,,,,,,11.0553260,76.9271302,0.00,0.77,
24.69,gnss,11.0553223,76.9271342,0.00,245.0,,,,,,11.0553260,76.9271302,0.00,0.87,
24.79,gnss,11.0553223,76.9271342,0.00,232.7,,,,,,11.0553260,76.9271302,0.00,0.97,
24.89,gnss,11.0553230,76.9271334,0.00,226.2,,,,,,11.0553260,76.9271295,0.00,0.07,
24.99,gnss,11.0553230,76.9271334,0.00,219.4,,,,,,11.0553260,76.9271295,0.00,0.17,
25.09,gnss,11.0553230,76.9271334,0.00,215.3,,,,,,11.0553260,76.9271295,0.00,0.27,
25.19,gnss,11.0553230,76.9271334,0.00,213.8,,,,,,11.0553260,76.9271295,0.00,0.37,
25.29,gnss,11.0553230,76.9271334,0.00,224.9,,,,,,11.0553260,76.9271295,0.00,0.47,
25.39,gnss,11.0553230,76.9271334,0.00,235.8,,,,,,11.0553260,76.9271295,0.00,0.57,
25.51,gnss,11.0553230,76.9271334,0.00,239.5,,,,,,11.0553260,76.9271295,0.00,0.69,
25.59,gnss,11.0553230,76.9271334,0.00,250.4,,,,,,11.0553260,76.9271295,0.00,0.77,
25.69,gnss,11.0553230,76.9271334,0.00,245.9,,,,,,11.0553260,76.9271295,0.00,0.87,
25.79,gnss,11.0553230,76.9271334,0.00,234.3,,,,,,11.0553260,76.9271295,0.00,0.97,
25.89,gnss,11.0553234,76.9271326,0.00,233.2,,,,,,11.0553253,76.9271289,0.00,0.07,
25.99,gnss,11.0553234,76.9271326,0.00,237.9,,,,,,11.0553253,76.9271289,0.00,0.17,
26.09,gnss,11.0553234,76.9271326,0.00,253.3,,,,,,11.0553253,76.9271289,0.00,0.28,
26.19,gnss,11.0553234,76.9271326,0.00,256.2,,,,,,11.0553253,76.9271289,0.00,0.38,
26.29,gnss,11.0553234,76.9271326,0.00,262.2,,,,,,11.0553253,76.9271289,0.00,0.47,
26.39,gnss,11.0553234,76.9271326,0.00,267.9,,,,,,11.0553253,76.9271289,0.00,0.57,
26.49,gnss,11.0553234,76.9271326,0.00,274.5,,,,,,11.0553253,76.9271289,0.00,0.67,
26.59,gnss,11.0553234,76.9271326,0.00,282.6,,,,,,11.0553253,76.9271289,0.00,0.77,
26.69,gnss,11.0553234,76.9271326,0.00,291.5,,,,,,11.0553253,76.9271289,0.00,0.87,
26.79,gnss,11.0553234,76.9271326,0.00,296.7,,,,,,11.0553253,76.9271289,0.00,0.97,
26.89,gnss,11.0553235,76.9271317,0.00,300.2,,,,,,11.0553237,76.9271273,0.00,0.07,
26.99,gnss,11.0553235,76.9271317,0.00,302.6,,,,,,11.0553237,76.9271273,0.00,0.17,
27.09,gnss,11.0553235,76.9271317,0.00,307.2,,,,,,11.0553237,76.9271273,0.00,0.27,
27.19,gnss,11.0553235,76.9271316,0.00,313.9,,,,,,11.0553237,76.9271273,0.00,0.37,
27.29,gnss,11.0553235,76.9271316,0.00,322.5,,,,,,11.0553237,76.9271273,0.00,0.47,
27.39,gnss,11.0553235,76.9271316,0.00,332.1,,,,,,11.0553237,76.9271273,0.00,0.57,
27.49,gnss,11.0553235,76.9271316,0.00,340.8,,,,,,11.0553237,76.9271273,0.00,0.67,
27.59,gnss,11.0553235,76.9271316,0.00,345.4,,,,,,11.0553237,76.9271273,0.00,0.77,
27.69,gnss,11.0553235,76.9271316,0.00,353.2,,,,,,11.0553237,76.9271273,0.00,0.87,
27.79,gnss,11.0553235,76.9271316,0.00,356.9,,,,,,11.0553237,76.9271273,0.00,0.97,
27.89,gnss,11.0553234,76.9271305,0.00,357.9,,,,,,11.0553228,76.9271255,0.00,0.07,
27.99,gnss,11.0553234,76.9271305,0.00,360.0,,,,,,11.0553228,76.9271255,0.00,0.17,
28.09,gnss,11.0553234,76.9271305,0.00,1.7,,,,,,11.0553228,76.9271255,0.00,0.27,
28.19,gnss,11.0553234,76.9271305,0.00,4.3,,,,,,11.0553228,76.9271255,0.00,0.37,
28.29,gnss,11.0553234,76.9271305,0.00,7.5,,,,,,11.0553228,76.9271255,0.00,0.47,
28.39,gnss,11.0553234,76.9271305,0.00,14.6,,,,,,11.0553228,76.9271255,0.00,0.57,
28.49,gnss,11.0553234,76.9271305,0.00,22.1,,,,,,11.0553228,76.9271255,0.00,0.67,
28.59,gnss,11.0553234,76.9271305,0.00,26.3,,,,,,11.0553228,76.9271255,0.00,0.77,
